-10.0  14.0
 -7.5  18.5
 -5.0  23.0
 -2.5  27.5
  0.0  32.0
  2.5  36.5
  5.0  41.0
  7.5  45.5
 10.0  50.0
 12.5  54.5
 15.0  59.0
 17.5  63.5
 20.0  68.0
 22.5  72.5
 25.0  77.0
 27.5  81.5
 30.0  86.0
 32.5  90.5
 35.0  95.0
 37.5  99.5
 40.0 104.0
  -10  14.0
   -7  18.5
   -5  23.0
   -2  27.5
    0  32.0
    2  36.5
    5  41.0
    7  45.5
   10  50.0
   12  54.5
   15  59.0
   17  63.5
   20  68.0
   22  72.5
   25  77.0
   27  81.5
   30  86.0
   32  90.5
   35  95.0
   37  99.5
   40 104.0
[-10.0, -7.5, -5.0, -2.5, 0.0, 2.5, 5.0, 7.5, 10.0, 12.5, 15.0, 17.5, 20.0, 22.5, 25.0, 27.5, 30.0, 32.5, 35.0, 37.5, 40.0]
[-5.0, -2.5, 0.0, 2.5, 5.0, 7.5, 10.0, 12.5, 15.0, 17.5, 20.0, 22.5, 25.0, 27.5, 30.0, 32.5, 35.0, 37.5, 40.0, 42.5, 45.0]
[[-20, -15, -10, -5, 0, 5, 10, 15, 20, 25, 30, 35, 40],
 [-4.0,
  5.0,
  14.0,
  23.0,
  32.0,
  41.0,
  50.0,
  59.0,
  68.0,
  77.0,
  86.0,
  95.0,
  104.0]]
[[-20, -4.0],
 [-15, 5.0],
 [-10, 14.0],
 [-5, 23.0],
 [0, 32.0],
 [5, 41.0],
 [10, 50.0],
 [15, 59.0],
 [20, 68.0],
 [25, 77.0],
 [30, 86.0],
 [35, 95.0],
 [40, 104.0]]
[[-20, -4.0],
 [-15, 5.0],
 [-10, 14.0],
 [-5, 23.0],
 [0, 32.0],
 [5, 41.0],
 [10, 50.0],
 [15, 59.0],
 [20, 68.0],
 [25, 77.0],
 [30, 86.0],
 [35, 95.0],
 [40, 104.0]]
